116.380943 39.923615
117.203499 39.131119
114.489777 38.045128
112.569351 37.871113
111.6633 40.820942
123.411682 41.796616
125.31543 43.892563
126.643341 45.741493
121.469269 31.238176
118.772781 32.047615
120.159248 30.265995
117.275703 31.863255
119.297813 26.07859
115.899918 28.675991
117.0056 36.667072
113.650047 34.757034
114.291939 30.567514
112.98127 28.200825
113.261429 23.118912
108.311768 22.806543
110.346512 20.031794
104.081757 30.661057
106.510338 29.558176
106.711372 26.576874
102.704567 25.043844
91.13205 29.657589
108.949028 34.261684
103.750053 36.068039
101.787453 36.609447
106.271942 38.46801
87.606117 43.790939
121.514282 25.049128
113.550056 22.200796
114.154404 22.280685